4
5
16

1

300	400	600	200	

2	1	1	1	

2	2	
3	
3	
3	


2	1	
3	2	

2	5	3	

4	3	2	

2	4	1	


6	1	
6	1	
4	5	6	
2	2	1	
6	4	3	

4	4	4	4	4	
900	2100	2800	1300	2100	
450	700	650	500	400	

0	6	8	2	9	6	8	8	9	8	10	3	7	4	7	4	
6	0	14	4	7	12	6	8	3	12	8	7	7	8	5	2	
8	14	0	10	13	2	14	6	17	4	6	7	7	6	13	12	
2	4	10	0	9	8	8	8	7	8	10	3	7	4	7	2	
9	7	13	9	0	11	1	7	4	11	7	12	6	7	2	7	
6	12	2	8	11	0	12	4	15	4	6	7	5	4	11	10	
8	6	14	8	1	12	0	8	3	12	8	11	7	8	1	6	
8	8	6	8	7	4	8	0	11	4	2	11	1	4	7	6	
9	3	17	7	4	15	3	11	0	15	11	10	10	11	4	5	
8	12	4	8	11	4	12	4	15	0	4	11	5	4	11	10	
10	8	6	10	7	6	8	2	11	4	0	13	3	6	7	8	
3	7	7	3	12	7	11	11	10	11	13	0	10	7	10	5	
7	7	7	7	6	5	7	1	10	5	3	10	0	3	6	5	
4	8	6	4	7	4	8	4	11	4	6	7	3	0	7	6	
7	5	13	7	2	11	1	7	4	11	7	10	6	7	0	5	
4	2	12	2	7	10	6	6	5	10	8	5	5	6	5	0	
